SCALE: 25
nvtx: 33554432
edgefactor: 16
terasize: 8.58993459199999983e-03
A: 5.69999999999999951e-01
B: 1.90000000000000002e-01
C: 1.90000000000000002e-01
D: 5.00000000000000444e-02
generation_time: 6.67638569270000062e+01
construction_time: 2.36433520040000005e+01
nbfs: 64
min_time: 2.42401172000000020e+00
firstquartile_time: 3.29674890150000000e+00
median_time: 4.11127756349999984e+00
thirdquartile_time: 5.38950150174999987e+00
max_time: 5.85723311599999974e+00
mean_time: 4.20603565543749980e+00
stddev_time: 1.05547549869025281e+00
min_nedge: 5.36865498000000000e+08
firstquartile_nedge: 5.36865498000000000e+08
median_nedge: 5.36865498000000000e+08
thirdquartile_nedge: 5.36865498000000000e+08
max_nedge: 5.36865498000000000e+08
mean_nedge: 5.36865498000000000e+08
stddev_nedge: 0.00000000000000000e+00
min_TEPS: 9.16585506104346812e+07
firstquartile_TEPS: 1.00939995303813532e+08
median_TEPS: 1.32997325920509934e+08
thirdquartile_TEPS: 1.69001119296047270e+08
max_TEPS: 2.21478094998649567e+08
harmonic_mean_TEPS: 1.27641689700359136e+08
harmonic_stddev_TEPS: 4.03550115772147570e+06
